368.89
369.03
370.19
370.24
369.41
369.77
370.14
369.52
370.27
370.24
370.80
371.05
371.29
371.23
372.17
372.50
372.08
371.07
372.04
371.67
372.24
372.04
372.08
371.83
371.95
371.41
370.38
370.31
370.10
369.35
369.08
368.62
368.40
367.68
367.70
367.32
367.33
366.86
366.86
366.78
366.88
367.13
367.62
368.00
368.20
368.75
368.64
368.86
369.84
369.83
369.81
370.02
370.34
370.46
370.84
370.69
371.53
371.76
372.14
371.66
371.90
372.37
372.67
372.72
372.58
372.63
373.79
373.90
373.79
373.73
374.12
373.88
374.09
374.07
373.65
373.23
373.30
373.20
372.66
371.51
371.48
371.04
371.06
370.09
369.36
369.48
369.45
368.50
368.72
368.21
367.97
368.21
368.46
368.33
368.87
369.29
369.29
370.01
370.39
370.61
370.96
371.40
371.44
371.87
372.38
372.38
372.91
372.75
372.99
373.13
373.18
373.26
373.91
374.06
374.31
374.81
374.45
374.43
374.70
375.40
375.59
376.23
375.76
375.23
376.10
376.41
376.07
375.62
375.40
375.66
374.99
374.63
374.09
373.51
373.49
372.75
371.98
371.50
371.11
370.43
371.81
371.01
370.67
370.05
370.08
371.41
370.87
371.24
372.14
372.04
372.91
372.94
373.23
373.77
373.75
374.66
374.88
374.73
375.21
375.11
375.48
375.35
375.30
376.57
376.20
376.49
376.55
376.15
377.18
377.03
377.32
377.98
378.54
378.81
378.25
378.25
379.62
378.91
378.59
378.68
378.30
378.49
377.75
376.74
377.41
376.57
376.08
375.12
374.90
374.06
373.61
373.37
373.30
373.05
373.51
373.45
373.09
372.95
373.60
373.57
374.13
374.70
375.06
375.45
375.49
375.95
376.51
376.31
376.53
376.51
377.13
377.28
378.13
378.06
378.61
377.67
377.79
378.46
379.14
379.40
378.67
379.90
380.20
380.92
380.56
380.82
380.90
380.89
380.43
381.25
380.11
380.27
380.34
379.55
379.32
378.50
378.07
376.92
376.59
376.91
376.41
375.95
376.26
374.17
374.62
374.23
374.57
374.48
374.16
374.40
374.74
375.13
375.48
375.63
376.98
376.90
376.99
377.72
377.40
377.95
377.99
378.36
378.61
378.52
378.80
379.59
379.40
380.10
380.05
381.54
380.24
381.46
380.40
381.95
382.49
382.28
382.35
382.76
382.13
382.15
382.82
383.20
382.98
382.82
382.60
382.13
381.56
381.28
381.05
380.95
380.34
380.03
379.10
379.02
378.18
378.14
377.55
376.41
376.53
376.64
376.83
377.10
377.40
377.70
378.00
378.14
379.05
378.68
379.22
380.12
380.37
380.44
380.69
381.46
381.40
381.75
381.82
381.82
382.49
382.80
382.13
382.33
383.08
383.06
383.09
382.62
384.37
384.96
385.05
384.94
385.07
385.21
385.51
385.14
384.85
384.37
384.46
384.12
383.63
383.30
383.01
381.99
382.30
381.70
380.78
380.59
379.98
379.74
378.81
379.36
378.86
379.06
379.11
379.09
379.12
379.67
379.84
379.96
380.19
380.57
381.44
381.67
381.90
382.39
382.18
382.29
383.14
382.65
383.77
383.88
383.48
385.03
384.93
384.22
383.62
384.55
385.29
386.08
386.07
385.93
387.51
387.18
386.82
386.46
386.88
386.74
387.14
387.13
386.65
385.93
385.27
385.61
385.35
384.32
384.03
383.11
382.70
382.11
382.33
381.86
381.76
380.88
381.03
380.91
381.12
381.19
381.27
381.59
382.00
382.26
382.46
383.29
383.12
383.91
383.95
384.63
384.18
385.02
384.67
386.05
386.25
387.02
386.25
386.20
385.54
385.62
386.06
385.95
386.08
386.97
388.31
386.98
386.72
387.58
387.52
388.77
389.11
389.13
388.82
388.76
387.74
388.11
387.53
387.23
387.37
386.72
386.61
385.14
385.46
384.17
383.91
383.52
383.73
383.27
383.60
383.28
382.97
383.10
383.07
383.29
384.21
384.01
384.33
384.57
384.72
385.28
385.52
385.77
386.15
386.46
386.63
387.24
387.37
387.74
387.25
387.16
387.84
388.45
389.30
389.03
388.42
389.51
389.26
389.65
389.15
389.78
390.74
389.98
390.39
390.60
390.62
390.07
390.42
389.64
388.72
388.90
388.70
388.57
387.89
387.58
387.28
386.22
385.91
385.83
385.36
384.89
384.96
384.84
384.23
384.08
384.58
384.92
385.22
385.58
385.90
386.55
386.59
387.28
387.18
387.07
388.61
388.80
388.37
388.54
388.54
389.21
390.91
390.55
390.43
389.79
391.14
391.59
391.38
390.50
391.96
391.39
392.93
393.53
393.42
393.20
392.81
393.64
392.93
393.51
392.99
392.10
391.86
391.36
390.77
390.06
390.47
390.04
389.07
389.02
388.67
387.80
387.72
386.32
387.24
386.96
386.97
387.14
387.02
387.62
388.02
388.24
388.25
388.82
389.69
389.86
389.97
389.64
390.34
390.13
391.74
390.96
391.70
391.56
392.26
391.63
391.84
392.24
392.26
392.07
392.69
393.09
394.21
393.19
393.28
393.73
393.50
394.33
393.08
395.10
395.29
394.41
393.70
394.00
393.75
393.65
393.71
393.49
391.52
392.19
391.40
390.80
390.34
389.59
389.70
389.24
389.35
389.29
388.87
388.98
389.01
389.23
389.44
389.81
389.97
390.66
390.70
391.34
391.56
392.21
392.65
392.40
393.15
393.57
393.17
393.53
393.43
393.90
393.68
394.61
394.45
393.73
394.46
394.98
395.32
395.51
396.81
396.35
396.80
397.11
397.32
397.18
396.31
396.48
395.93
396.43
395.77
395.45
395.15
394.56
394.66
394.28
393.62
393.43
392.71
391.57
391.99
392.06
391.10
390.99
391.09
391.02
391.18
391.12
391.56
391.78
392.52
393.48
393.39
393.93
393.88
394.62
394.75
395.06
394.72
395.60
396.21
396.01
395.99
396.86
397.20
397.37
396.96
397.88
397.17
397.58
398.19
398.30
398.00
398.19
399.44
399.76
399.75
399.98
400.17
400.12
399.40
398.80
398.33
398.84
398.43
397.93
397.27
397.01
396.87
395.86
395.32
395.34
394.42
394.05
393.59
393.73
393.58
393.52
393.55
393.88
394.19
394.44
394.67
395.73
395.07
396.20
396.46
396.33
397.61
397.46
397.60
398.41
397.93
398.15
398.02
398.16
398.06
398.27
398.47
398.64
400.07
401.36
400.30
400.80
401.29
401.72
401.77
401.92
401.90
401.91
401.93
402.00
401.99
401.68
401.21
401.12
400.40
400.00
398.98
398.97
397.58
397.94
397.38
397.03
396.38
396.50
395.19
395.26
395.60
395.47
395.72
395.79
396.00
397.60
396.90
397.33
397.43
398.02
398.34
399.28
399.28
399.11
400.03
400.05
400.36
399.70
400.39
400.44
400.14
400.11
401.53
401.48
402.23
400.97
401.97
402.00
403.39
404.23
403.27
403.99
404.33
404.16
404.16
403.99
403.37
403.41
402.56
402.88
402.33
401.90
401.57
401.43
400.38
398.54
399.37
399.32
399.04
398.68
397.96
397.43
397.52
397.41
398.56
398.37
398.71
398.68
399.26
400.22
400.55
400.58
401.00
401.52
402.55
402.81
402.28
402.32
402.65
402.78
403.33
404.75
403.98
403.85
404.59
404.24
404.18
404.97
405.85
405.64
406.78
408.91
407.64
407.90
407.73
408.05
407.49
408.51
407.64
407.04
407.39
406.85
406.17
405.75
404.68
403.59
404.04
403.68
403.08
402.05
402.11
401.16
401.18
401.47
401.08
400.94
401.13
401.78
401.86
402.35
403.00
403.00
403.79
404.19
404.75
404.09
405.03
404.62
404.96
406.14
406.20
406.41
406.71
406.43
406.26
406.14
407.17
407.60
406.34
407.77
407.02
408.60
407.84
409.03
409.84
410.16
409.39
409.52
410.60
410.20
409.77
409.89
409.63
408.51
407.95
408.28
407.26
407.01
406.93
406.66
405.73
405.39
404.74
404.39
403.89
403.87
403.25
402.95
403.14
403.61
404.14
404.19
404.34
404.44
405.26
406.31
406.52
406.94
406.74
406.99
407.41
407.57
408.33
408.08
408.47
408.07
408.40
408.56
408.65
409.09
410.03
408.91
409.32
410.22
409.39
409.65
411.25
411.88
409.86
411.25
412.07
411.65
411.61
411.14
411.36
410.56
410.76
409.60
409.35
408.74
408.48
407.65
407.42
407.26
407.03
406.30
405.68
405.58
405.88
405.73
405.69
405.77
406.20
406.81
406.67
407.18
408.94
408.78
408.58
408.69
409.60
409.51
409.33
409.80
410.86
410.55
412.19
411.23
411.83
412.63
411.19
412.62
412.37
412.37
412.02
411.53
412.40
413.35
413.82
413.99
414.52
414.54
415.62
414.97
414.52
414.60
414.30
414.08
413.63
413.64
412.30
412.37
411.07
410.28
410.56
410.48
409.79
409.66
409.03
408.81
408.72
408.54
408.18
408.60
408.84
408.94
409.51
410.12
410.41
410.40
410.93
411.28
411.53
412.10
412.42
413.19
413.58
413.00
413.85
414.24
414.51
414.62
414.27
413.92
414.07
414.32
414.50
415.75
415.95
416.65
416.48
416.09
417.02
417.04
417.00
417.18
417.64
417.41
416.55
416.42
416.27
415.64
415.45
414.73
414.08
413.42
413.37
412.95
412.59
412.17
411.79
411.58
411.67
411.20
411.27
411.26
411.32
411.72
411.69
411.96
412.98
412.74
414.04
413.97
413.60
414.13
414.82
415.30
415.36
415.04
415.39
415.98
417.09
416.89
416.48
416.28
417.93
416.91
417.76
417.68
417.98
419.24
418.95
418.16
419.97
419.49
418.45
419.05
418.89
419.51
419.47
419.03
418.44
418.04
417.43
417.48
416.71
415.55
414.96
414.52
414.88
413.79
413.19
413.33
413.06
413.27
413.33
413.61
413.86
414.32
413.87
414.14
414.93
414.84
415.33
416.12
415.83
416.41
417.45
417.42
417.37
418.28
417.58
419.09
419.15
418.34
419.74
419.57
419.16
418.47
418.30
418.13
420.32
420.15
420.11
420.33
420.14
420.13
421.07
420.92
421.44
421.58
421.26
420.98
420.82
420.26
419.69
419.03
418.38
417.80
418.15
417.29
417.22
416.52
416.50
416.29
416.00
415.52
415.53
415.22
415.46
415.84
416.26
416.39
417.14
417.25
418.48
417.69
419.01
418.80
419.19
419.43
419.29
419.57
419.17
419.73
419.81
420.20
420.81
419.58
421.56
421.21
420.21
420.78
421.69
422.75
422.96
423.50
424.08
423.98
424.29
423.39
423.94
424.65
424.38
424.14
423.49
422.19
422.62
422.35
421.34
421.28
420.83
420.02
418.98
419.31
419.27
418.64
418.52
418.33
418.29
418.31
418.53
419.46
418.91
419.05
419.28
421.22
421.21
420.31
421.02
422.20
422.24
421.86
422.52
423.49
422.84
422.86
422.28
425.83
423.54
425.21
425.13
425.45
425.74
425.37
425.04
426.35
425.86
426.34
427.94
426.80
426.92
427.03
426.64
426.88
427.06
427.33
426.73
426.47
425.61
426.25
425.95
424.80
424.88
424.18
422.42
422.83
421.36
422.33
422.06
421.98
421.71
421.95
422.16
422.62
422.17
423.15
423.34
423.60
423.96
424.59
424.95
425.67
424.96
425.59
426.08
426.31
426.78
426.86
426.92
427.05
426.86
427.67
427.02
428.15
428.74
428.33
428.01
427.65
429.24
430.03
430.01
430.59
430.86
430.58
430.35
430.18
429.96
429.93
429.39
429.48
428.70
428.41
427.90
427.52
426.57
425.87
425.44
425.65
425.02
425.23
424.25
423.98
424.16
424.28
424.39
424.81
425.20
425.26
424.78
426.80
426.55
426.84
427.21
427.25
427.22
427.87
428.26
